# oST version 5.0 parameters


[image]

width
768

height
576

[camera]

camera matrix
750.011256 0.000000 377.231546
0.000000 748.779104 291.226137
0.000000 0.000000 1.000000

distortion
-0.139296 0.082758 -0.002868 0.000216 0.000000

rectification
1.000000 0.000000 0.000000
0.000000 1.000000 0.000000
0.000000 0.000000 1.000000

projection
724.687988 0.000000 376.499784 0.000000
0.000000 732.958008 289.813466 0.000000
0.000000 0.000000 1.000000 0.000000

